 12 12  4 12 12 12 12  4 12 12 12 12  4 12 12  0
  1  9  7  0  9  1  9  7  0  9  1  9  7  0  9  1
  2 12  1  5  4  2 12  1  5  4  2 12  1  5  4  0
  2  9  5 10 12  2  9  5 10 12  2  9  5 10 12  0
 14  9  3  4  9 14  9  3  4  9 14  9  3  4  9  0
  5  9  3  0  5  5  9  3  0  5  5  9  3  0  5  1
  7  5  4  0  7  7  5  4  0  7  7  5  4  0  7  1
 13  5  5  1 13 13  5  5  1 13 13  5  5  1 13  1
  5  3  8  0  5  5  3  8  0  5  5  3  8  0  5  1
 15  3  9  4  3 15  3  9  4  3 15  3  9  4  3  1
  8  3  5 10  7  8  3  5 10  7  8  3  5 10  7  0
  8  7  1  4  4  8  7  1  4  4  8  7  1  4  4  0
  0  2 13  1  2  0  2 13  1  2  0  2 13  1  2  0
  7  7  5  6  6  7  7  5  6  6  7  7  5  6  6  1
