 12 12 12 12 12  4  4 12 12 12 12 12 12  4  4 12 12 12 12 12 12  4  4 12  0
  4  5  8  9  4 11 13 12  4  5  8  9  4 11 13 12  4  5  8  9  4 11 13 12  0
  1 11  0  8 11 12  5  5  1 11  0  8 11 12  5  5  1 11  0  8 11 12  5  5  1
 14  8  4  5  5 13  2 10 14  8  4  5  5 13  2 10 14  8  4  5  5 13  2 10  0
  0  4 14  1  4  5  3  0  0  4 14  1  4  5  3  0  0  4 14  1  4  5  3  0  0
 10 11 12  0 10 11  7  1 10 11 12  0 10 11  7  1 10 11 12  0 10 11  7  1  0
  4  5  9  1  0  5 14  0  4  5  9  1  0  5 14  0  4  5  9  1  0  5 14  0  0
  4  7  9 10 14  2  4  5  4  7  9 10 14  2  4  5  4  7  9 10 14  2  4  5  0
 11  7  4  4  0 10  0  3 11  7  4  4  0 10  0  3 11  7  4  4  0 10  0  3  1
  5 10  7  7  5  5  2  2  5 10  7  7  5  5  2  2  5 10  7  7  5  5  2  2  1
  6  5  5  6  6  7  6  7  6  5  5  6  6  7  6  7  6  5  5  6  6  7  6  7  0
